snp2,44115564,44115768,44116128,44116334,44116923,44117167,44122391,44125475
44115564,1,-0.028998245,-0.056246817,-0.01014377,-0.025036303,0.07281114,0.20309868,-0.03806853
44115768,-0.028998245,1,-0.07194534,-0.008610617,-0.021252258,-0.026148818,-0.012195633,-0.0763263
44116128,-0.056246817,-0.07194534,1,0.067950726,0.05279832,0.112093285,0.030298375,0.9482173
44116334,-0.01014377,-0.008610617,0.067950726,1,-0.007434174,-0.009147022,-0.004266109,0.05797589
44116923,-0.025036303,-0.021252258,0.05279832,-0.007434174,1,-0.022576183,-0.010529379,0.24758846
44117167,0.07281114,-0.026148818,0.112093285,-0.009147022,-0.022576183,1,-0.012955369,0.34749043
44122391,0.20309868,-0.012195633,0.030298375,-0.004266109,-0.010529379,-0.012955369,1,0.022149185
44125475,-0.03806853,-0.0763263,0.9482173,0.05797589,0.24758846,0.34749043,0.022149185,1