,0,1,2,3,4,5,6,7
0,1.0,-0.028998245,-0.056246817,-0.01014377,-0.025036303,0.07281114,0.20309868,-0.03806853
1,-0.028998245,1.0,-0.07194534,-0.008610617,-0.021252258,-0.026148818,-0.012195633,-0.0763263
2,-0.056246817,-0.07194534,1.0,0.067950726,0.05279832,0.112093285,0.030298375,0.9482173
3,-0.01014377,-0.008610617,0.067950726,1.0,-0.007434174,-0.009147022,-0.0042661093,0.05797589
4,-0.025036303,-0.021252258,0.05279832,-0.007434174,1.0,-0.022576183,-0.010529379,0.24758846
5,0.07281114,-0.026148818,0.112093285,-0.009147022,-0.022576183,1.0,-0.0129553685,0.34749043
6,0.20309868,-0.012195633,0.030298375,-0.0042661093,-0.010529379,-0.0129553685,1.0,0.022149185
7,-0.03806853,-0.0763263,0.9482173,0.05797589,0.24758846,0.34749043,0.022149185,1.0
